theta'=0.56
       N      K     M     residual         MT     res/N  res/N^(1-th/2)   Sum|err_m|
   25000    290    86       3612.7      144.3   0.14451          2.4621      25972.5
   50000    427   117       5699.9      211.0   0.11400          2.3584      54890.7
  100000    630   158       9654.8      283.2   0.09655          2.4252     116276.2
  200000    930   215      15698.8       92.4   0.07849          2.3940     245762.4
  400000   1371   291      24731.7      325.2   0.06183          2.2897     518994.9
  800000   2021   395      38644.1      458.2   0.04831          2.1720    1089655.9
corrected main terms: c(m)=0 unless (m,N)=1
       N   res1/N    MT1/N  reslog/N   MTlog/N    S(N)  (rl-MTl)/N
   50000   0.1140   0.1190    2.2842    2.3257  1.7604     -0.0414
  100000   0.0965   0.0964    2.2625    2.2589  1.7604      0.0035
  200000   0.0785   0.0770    2.2068    2.1902  1.7604      0.0167
  400000   0.0618   0.0616    2.1333    2.1302  1.7604      0.0030
  800000   0.0483   0.0491    2.0669    2.0754  1.7604     -0.0085
